qddot =    0.149128
  0.0434082
-0.00100632
 -0.0827759
  0.0928558
   0.168403
  0.0350884

10 10 10
qddot =     0.148655
   0.0430115
-0.000751988
  -0.0829895
   0.0919522
    0.168003
   0.0346553

100 10 10
qddot =     0.148446
    0.042954
-0.000810753
  -0.0832794
   0.0916604
    0.168067
   0.0348318

10 100 10
qddot =     0.148533
   0.0428715
-0.000797178
  -0.0829418
   0.0918624
    0.168075
    0.034702

10 10 100
qddot =     0.148669
   0.0430199
-0.000741104
  -0.0829774
   0.0919598
    0.167984
   0.0346391