r5 =

    0.6259
    0.3316
    0.4345


r6 =

    0.6260
    0.3303
    0.3275


ro =

    0.6151
    0.6151
    0.3015


delta =

    0.2290


ans =

    0.1716


Hp =

   1.0e-07 *

    0.1656   -0.0000    0.0013    0.0001    0.0001   -0.0000   -0.0000
   -0.0000    0.3297    0.0001   -0.0010    0.0000   -0.0002   -0.0000
    0.0013    0.0001    0.3292    0.0000    0.0001   -0.0000   -0.0000
    0.0001   -0.0010    0.0000    0.1922    0.0000    0.0002   -0.0000
    0.0001    0.0000    0.0001    0.0000    0.1914    0.0000   -0.0000
   -0.0000   -0.0002   -0.0000    0.0002    0.0000    0.0547   -0.0000
   -0.0000   -0.0000   -0.0000   -0.0000   -0.0000   -0.0000    0.0109


Hv =

   1.0e-04 *

    0.2505   -0.0003    0.2082    0.0148    0.0183   -0.0016   -0.0000
   -0.0003    0.2462    0.0181   -0.1624    0.0002   -0.0310   -0.0000
    0.2082    0.0181    0.1744    0.0002    0.0152   -0.0036   -0.0000
    0.0148   -0.1624    0.0002    0.1318    0.0012    0.0320   -0.0000
    0.0183    0.0002    0.0152    0.0012    0.0013    0.0000   -0.0000
   -0.0016   -0.0310   -0.0036    0.0320    0.0000    0.0096   -0.0000
   -0.0000   -0.0000   -0.0000   -0.0000   -0.0000   -0.0000    0.0000


fp =

   1.0e-05 *

   -0.9605
   -0.3200
   -0.8226
   -0.3330
   -0.0763
   -0.2003
   -0.0452


fv =

   1.0e-03 *

   -0.3337
   -0.0027
   -0.2776
   -0.0211
   -0.0244
    0.0008
    0.0000


H =

   1.0e-05 *

    0.2021   -0.0002    0.1666    0.0118    0.0146   -0.0013   -0.0000
   -0.0002    0.2003    0.0145   -0.1300    0.0001   -0.0248   -0.0000
    0.1666    0.0145    0.1428    0.0001    0.0122   -0.0029   -0.0000
    0.0118   -0.1300    0.0001    0.1074    0.0010    0.0256   -0.0000
    0.0146    0.0001    0.0122    0.0010    0.0030    0.0000   -0.0000
   -0.0013   -0.0248   -0.0029    0.0256    0.0000    0.0082   -0.0000
   -0.0000   -0.0000   -0.0000   -0.0000   -0.0000   -0.0000    0.0001


f =

   1.0e-04 *

   -0.3630
   -0.0342
   -0.3043
   -0.0502
   -0.0272
   -0.0194
   -0.0045


A =

   1.0e-03 *

    0.9058    0.5454    0.7153   -0.1824   -0.0555   -0.0570         0
    0.9100    0.0868    0.7628    0.1298    0.0681    0.0486   -0.0000
         0         0         0         0         0         0         0
         0         0         0         0         0         0         0
         0         0         0         0         0         0         0
    0.2389    0.9620    0.1094         0         0         0         0
    0.2383    0.9621    0.1092         0         0         0         0
    0.7756    0.5331    0.6063   -0.0859         0         0         0
    0.7744    0.5335    0.6051   -0.0863         0         0         0
    0.9059    0.5455    0.7154   -0.1824   -0.0556   -0.0570         0


b =

    0.0041    0.0013    2.2296    2.2296    1.2237    1.2111    0.1641    0.1249    0.0539    0.0444

Warning: Your Hessian is not symmetric. Resetting H=(H+H')/2. 
> In quadprog (line 368)
In SSMPFL_franka (line 203)
In franka_main (line 259) 

qddot =

    1.0374
   -0.8211
    0.5243
   -3.0888
    0.0304
    9.0847
   20.0000


ans =

    0.0009
    0.0013
         0
         0
         0
   -0.0005
   -0.0005
    0.0010
    0.0009
    0.0009