r5 =

    0.6252
    0.3316
    0.4290


r6 =

    0.6252
    0.3313
    0.3294


ro =

    0.6151
    0.6151
    0.3015


delta =

    0.2290


ans =

    0.1708


Hp =

   1.0e-07 *

    0.1656   -0.0001    0.0001    0.0000    0.0002         0
   -0.0001    0.3297    0.0009    0.0002    0.0000         0
    0.0001    0.0009    0.3290    0.0002    0.0000         0
    0.0000    0.0002    0.0002    0.1915    0.0000         0
    0.0002    0.0000    0.0000    0.0000    0.1914         0
         0         0         0         0         0    0.0109


Hv =

   1.0e-04 *

    0.2504   -0.0111    0.0133    0.0066    0.0346         0
   -0.0111    0.2554    0.1498    0.0263    0.0001         0
    0.0133    0.1498    0.1346    0.0338    0.0001         0
    0.0066    0.0263    0.0338    0.0099    0.0000         0
    0.0346    0.0001    0.0001    0.0000    0.0050         0
         0         0         0         0         0         0


fp =

   1.0e-04 *

   -0.1683
   -0.0407
    0.0294
    0.0167
   -0.0276
   -0.0008


fv =

   1.0e-03 *

   -0.3360
   -0.0412
   -0.0338
   -0.0080
   -0.0478
         0


H =

   1.0e-05 *

    0.2019   -0.0089    0.0106    0.0053    0.0277         0
   -0.0089    0.2076    0.1199    0.0211    0.0001         0
    0.0106    0.1199    0.1109    0.0270    0.0001         0
    0.0053    0.0211    0.0270    0.0099    0.0000         0
    0.0277    0.0001    0.0001    0.0000    0.0059         0
         0         0         0         0         0    0.0001


f =

   1.0e-04 *

   -0.4371
   -0.0736
    0.0024
    0.0103
   -0.0659
   -0.0008


A =

    0.0009    0.0005    0.0003    0.0001         0         0
    0.0009    0.0002   -0.0000   -0.0000    0.0001         0
         0         0         0         0         0         0
         0         0         0         0         0         0
         0         0         0         0         0         0
    0.0004    0.0013         0         0         0         0
    0.0004    0.0013         0         0         0         0
    0.0007    0.0006    0.0002         0         0         0
    0.0007    0.0006    0.0002         0         0         0
    0.0009    0.0005    0.0003    0.0001         0         0


b =

    0.0048    0.0014    2.2967    2.2967    1.4289    1.4090    0.1464    0.1225    0.0583    0.0424

Warning: Your Hessian is not symmetric. Resetting H=(H+H')/2. 
> In quadprog (line 368)
In SSMPFL_ur5 (line 120)
In ur5_main (line 246) 

qddot =

    1.3771
    0.5428
   -0.6149
   -0.2679
    0.2314
    3.9270


ans =

    0.0014
    0.0014
         0
         0
         0
    0.0013
    0.0013
    0.0012
    0.0012
    0.0014